#Gene_NCBI_Entrez
2
21
10257
8038
8751
57188
9131
301
310
54518
405
259266
472
529
545
9212
10677
558
577
25805
581
9564
53335
596
23786
613
675
147339
842
831
867
4179
8872
1029
1063
116986
23491
1103
26038
1111
10752
1271
1277
1278
1281
1292
1454
1499
1512
1540
1594
1576
1641
8527
1608
55526
1755
1793
667
196403
1956
1993
2033
57634
1969
2043
2045
2064
2065
55294
2260
2263
2313
2321
2324
2335
2309
4303
2475
5045
2625
2735
2737
2770
2778
27201
2891
2909
2995
3320
3399
9173
386653
3611
51147
3643
8826
3667
3689
3690
182
57724
9371
3815
9314
1316
11202
3838
3845
3895
3916
54900
3939
3959
10446
4057
4067
9064
5603
5598
5601
57787
4193
4194
4223
4233
4292
9757
4330
4436
2956
4440
4507
4613
85366
23522
4683
4705
152110
4753
4763
4829
4846
4851
4893
4916
5079
5156
5159
5164
23239
51050
5287
5290
5295
5292
5324
5371
5395
5451
5528
5578
5579
5580
5590
25865
5591
5629
5727
5728
5781
5925
60561
4920
6098
6184
6197
6252
862
7869
12
6469
9990
10165
6514
4089
23235
23161
8651
6664
6678
7982
6772
6774
27148
6855
6872
51347
29110
6938
7015
7048
7077
3371
4982
7133
10188
7150
7157
23321
8805
10612
51592
8295
7248
7249
7374
26019
7410
7465
7472
6935
171017